[[3.59713137e-01 2.34112516e-01 2.38724142e-01 1.77757993e-01
  2.08599716e-01 2.20696077e-01 2.29108185e-01 3.34998816e-01
  4.95826334e-01 9.57317472e-01 9.55488443e-01 5.61754525e-01
  6.64580882e-01 1.43056941e+00 3.67721844e+00 8.66125870e+00
  1.75753479e+01 3.37607231e+01 5.67098656e+01 4.68084488e+01
  4.54680595e+01 2.71550846e+01 1.93926907e+01 1.34967813e+01
  9.89742565e+00 1.19878397e+01 2.48759975e+01 4.09367676e+01
  4.19455338e+01 3.58221397e+01 2.65304203e+01 2.47774372e+01
  2.80051079e+01 3.14510937e+01 2.88486462e+01 1.47981501e+01
  9.72481346e+00 1.90787888e+01 8.68699360e+00 4.29180431e+00
  4.44525433e+00 3.65534735e+00 1.97702253e+00 1.95264387e+00
  2.04766512e+00 3.14565420e+00 2.84043717e+00 3.34138703e+00
  5.61064100e+00 8.50825977e+00 6.26655054e+00 6.25682163e+00
  7.83019924e+00 6.78851175e+00 5.45919228e+00 5.26745462e+00
  5.48393059e+00 6.38273621e+00 6.72962379e+00 2.50528145e+00
  1.89536726e+00 1.33077049e+00 9.38612223e-01 8.39098811e-01
  5.89239657e-01 7.09855318e-01 7.87744582e-01 8.41054857e-01
  8.18901300e-01 7.43071675e-01 4.76585954e-01 3.13784033e-01
  4.45565760e-01 3.28843445e-01 2.97162592e-01 2.40759745e-01
  1.68770149e-01 1.45408049e-01 1.15938857e-01 1.19131826e-01
  8.67422596e-02 7.37970397e-02 7.91250691e-02 7.54776150e-02
  6.98512420e-02 6.96740970e-02 4.71728370e-02 5.62727526e-02
  6.49295151e-02 7.51800537e-02 7.85859972e-02 5.47069795e-02
  4.58165333e-02 6.00194298e-02 6.45559132e-02 6.91251531e-02
  8.21179450e-02 6.51922971e-02 5.75600155e-02 9.51480046e-02
  1.15671277e-01 1.31218091e-01 1.07119292e-01 1.46943882e-01
  1.83250323e-01 1.93149403e-01 2.66714185e-01 3.17116290e-01
  3.71920407e-01 2.42732674e-01 2.41177022e-01 2.45222688e-01
  1.99714079e-01 2.90714949e-01 2.39192903e-01 1.47870168e-01
  5.31734489e-02 3.53090465e-02 2.49124505e-02 1.58072338e-02
  1.01722954e-02 9.64728743e-03 8.43476132e-03 8.05682316e-03
  7.99500663e-03 4.19024983e-03 8.05965625e-04 3.05344329e-05]]
